# Ces paramètres ne peuvent pas être modifiés dynamiquement
filter_order: 2
nb_functionTransfer: 5

# Ces paramètres peuvent être modifiés dynamiquement
FunctionTransfer1:
    numerator_1: 0.000396039
    numerator_2: 0.000792078019
    numerator_3: 0.000396039
    denominateur_2: 0.01979898
    denominateur_3: -0.9801950699999999
FunctionTransfer2:
    numerator_1: 0.000396039
    numerator_2: 0.000792078019
    numerator_3: 0.000396039
    denominateur_2: 0.01979898
    denominateur_3: -0.9801950699999999
FunctionTransfer3:
    numerator_1: 0.000396039
    numerator_2: 0.000792078019
    numerator_3: 0.000396039
    denominateur_2: 0.01979898
    denominateur_3: -0.9801950699999999
FunctionTransfer4:
    numerator_1: 0.000396039
    numerator_2: 0.000792078019
    numerator_3: 0.000396039
    denominateur_2: 0.01979898
    denominateur_3: -0.9801950699999999
FunctionTransfer5:
    numerator_1: 0.000396039
    numerator_2: 0.000792078019
    numerator_3: 0.000396039
    denominateur_2: 0.01979898
    denominateur_3: -0.9801950699999999